%YAML:1.0
---
K: !!opencv-matrix
   rows: 3
   cols: 3
   dt: d
   data: [ 2.7754653893414763e+02, 0., 2.8214677316430391e+02, 0.,
       2.7823516866305039e+02, 2.4748638944547503e+02, 0., 0., 1. ]
D: !!opencv-matrix
   rows: 1
   cols: 5
   dt: d
   data: [ -2.1846521658467569e-01, 6.1245131917947282e-02,
       -6.6475243616464222e-03, 6.8696735002772070e-04,
       -8.4884244306739631e-03 ]
